Ligne	Train	Test	%Train	%Test
1	7	3	0.700	0.300
2	9	1	0.900	0.100
3	9	1	0.900	0.100
4	8	2	0.800	0.200
5	7	3	0.700	0.300
6	8	2	0.800	0.200
7	7	3	0.700	0.300
8	8	2	0.800	0.200
9	7	3	0.700	0.300
10	9	1	0.900	0.100
11	9	1	0.900	0.100
12	8	2	0.800	0.200
13	8	2	0.800	0.200
14	7	3	0.700	0.300
15	10	0	1.000	0.000
16	6	4	0.600	0.400
17	10	0	1.000	0.000
18	9	1	0.900	0.100
19	8	2	0.800	0.200
20	9	1	0.900	0.100
21	9	1	0.900	0.100
22	9	1	0.900	0.100
23	9	1	0.900	0.100
24	7	3	0.700	0.300
25	7	3	0.700	0.300
26	9	1	0.900	0.100
27	10	0	1.000	0.000
28	10	0	1.000	0.000
29	6	4	0.600	0.400
30	8	2	0.800	0.200
31	9	1	0.900	0.100
32	6	4	0.600	0.400
33	8	2	0.800	0.200
34	9	1	0.900	0.100
35	7	3	0.700	0.300
36	8	2	0.800	0.200
37	8	2	0.800	0.200
38	6	4	0.600	0.400
39	8	2	0.800	0.200
40	8	2	0.800	0.200
41	7	3	0.700	0.300
42	6	4	0.600	0.400
43	7	3	0.700	0.300
44	7	3	0.700	0.300
45	10	0	1.000	0.000
46	8	2	0.800	0.200
47	8	2	0.800	0.200
48	9	1	0.900	0.100
49	9	1	0.900	0.100
50	7	3	0.700	0.300
51	9	1	0.900	0.100
52	6	4	0.600	0.400
53	9	1	0.900	0.100
54	5	5	0.500	0.500
55	7	3	0.700	0.300
56	10	0	1.000	0.000
57	9	1	0.900	0.100
58	6	4	0.600	0.400
59	10	0	1.000	0.000
60	9	1	0.900	0.100
61	8	2	0.800	0.200
62	8	2	0.800	0.200
63	8	2	0.800	0.200
64	8	2	0.800	0.200
65	8	2	0.800	0.200
66	10	0	1.000	0.000
67	9	1	0.900	0.100
68	9	1	0.900	0.100
69	9	1	0.900	0.100
70	7	3	0.700	0.300
71	7	3	0.700	0.300
72	9	1	0.900	0.100
73	6	4	0.600	0.400
74	7	3	0.700	0.300
75	6	4	0.600	0.400
76	8	2	0.800	0.200
77	8	2	0.800	0.200
78	9	1	0.900	0.100
79	8	2	0.800	0.200
80	10	0	1.000	0.000
81	6	4	0.600	0.400
82	6	4	0.600	0.400
83	6	4	0.600	0.400
84	8	2	0.800	0.200
85	9	1	0.900	0.100
86	9	1	0.900	0.100
87	7	3	0.700	0.300
88	8	2	0.800	0.200
89	8	2	0.800	0.200
90	9	1	0.900	0.100
91	8	2	0.800	0.200
92	10	0	1.000	0.000
93	9	1	0.900	0.100
94	8	2	0.800	0.200
95	8	2	0.800	0.200
96	8	2	0.800	0.200
97	10	0	1.000	0.000
98	9	1	0.900	0.100
99	8	2	0.800	0.200
100	10	0	1.000	0.000
101	9	1	0.900	0.100
102	6	4	0.600	0.400
103	9	1	0.900	0.100
104	8	2	0.800	0.200
105	6	4	0.600	0.400
106	7	3	0.700	0.300
107	10	0	1.000	0.000
108	8	2	0.800	0.200
109	9	1	0.900	0.100
110	8	2	0.800	0.200
111	9	1	0.900	0.100
112	8	2	0.800	0.200
113	8	2	0.800	0.200
114	7	3	0.700	0.300
115	6	4	0.600	0.400
116	9	1	0.900	0.100
117	9	1	0.900	0.100
118	6	4	0.600	0.400
119	10	0	1.000	0.000
120	8	2	0.800	0.200
121	8	2	0.800	0.200
122	7	3	0.700	0.300
123	9	1	0.900	0.100
124	8	2	0.800	0.200
125	8	2	0.800	0.200
126	8	2	0.800	0.200
127	7	3	0.700	0.300
128	6	4	0.600	0.400
129	7	3	0.700	0.300
130	9	1	0.900	0.100
131	8	2	0.800	0.200
132	7	3	0.700	0.300
133	6	4	0.600	0.400
134	7	3	0.700	0.300
135	9	1	0.900	0.100
136	8	2	0.800	0.200
137	8	2	0.800	0.200
138	9	1	0.900	0.100
139	7	3	0.700	0.300
140	9	1	0.900	0.100
141	8	2	0.800	0.200
142	5	5	0.500	0.500
143	9	1	0.900	0.100
144	7	3	0.700	0.300
145	10	0	1.000	0.000
146	9	1	0.900	0.100
147	6	4	0.600	0.400
148	9	1	0.900	0.100
149	8	2	0.800	0.200
150	6	4	0.600	0.400
